0.0,0.0,1.0,0.0,1.0,0.0,-1.0,0.0,0.0,0.0,0.0,0.5,0
0.0,0.0,1.0,0.0,1.0,0.0,-1.0,0.0,0.0,2.0040271057676718e-07,0.0,0.5000000068019558,0
-1.145033485914032e-06,0.0,0.9999999999993444,0.0,1.0,0.0,-0.9999999999993444,0.0,-1.145033485914032e-06,1.596871495173549e-06,0.0,0.5000000541991966,0
-3.8491527880950004e-06,0.0,0.999999999992592,0.0,1.0,0.0,-0.999999999992592,0.0,-3.8491527880950004e-06,5.368054930756012e-06,0.0,0.5000001821891508,0
-9.087644688097152e-06,0.0,0.9999999999587074,0.0,1.0,0.0,-0.9999999999587074,0.0,-9.087644688097152e-06,1.267369286161935e-05,0.0,0.5000004301056841,0
-1.7678610921201623e-05,0.0,0.9999999998437333,0.0,1.0,0.0,-0.9999999998437333,0.0,-1.7678610921201623e-05,2.4654718069542285e-05,0.0,0.5000008365983581,0
-3.0426738852174117e-05,0.0,0.9999999995371068,0.0,1.0,0.0,-0.9999999995371068,0.0,-3.0426738852174117e-05,4.243335824366247e-05,0.0,0.500001439602823,0
-4.812337378681572e-05,0.0,0.9999999988420705,0.0,1.0,0.0,-0.9999999988420705,0.0,-4.812337378681572e-05,6.711323822721276e-05,0.0,0.5000022763029751,0
-7.154659128009682e-05,0.0,0.9999999974405427,0.0,1.0,0.0,-0.9999999974405427,0.0,-7.154659128009682e-05,9.977948252180735e-05,0.0,0.5000033830853892,0
-0.00010146126943865763,0.0,0.9999999948528054,0.0,1.0,0.0,-0.9999999948528054,0.0,-0.00010146126943865763,0.00014149881802918082,0.0,0.5000047954865192,0
-0.00013861916121472257,0.0,0.999999990392364,0.0,1.0,0.0,-0.999999990392364,0.0,-0.00013861916121472257,0.00019331967700948182,0.0,0.5000065481331688,0
-0.0001837589666876726,0.0,0.999999983116321,0.0,1.0,0.0,-0.999999983116321,0.0,-0.0001837589666876726,0.00025627230023468205,0.0,0.5000086746767034,0
-0.00023760640532866613,0.0,0.9999999717715977,0.0,1.0,0.0,-0.9999999717715977,0.0,-0.00023760640532866613,0.00033136884031492703,0.0,0.500011207721471,0
-0.00030087428824280876,0.0,0.9999999547373303,0.0,1.0,0.0,-0.9999999547373303,0.0,-0.00030087428824280876,0.0004196034651746248,0.0,0.5000141787478868,0
-0.00037426259038245325,0.0,0.9999999299637543,0.0,1.0,0.0,-0.9999999299637543,0.0,-0.00037426259038245325,0.0005219524616544948,0.0,0.5000176180306198,0
-0.00045845852272428385,0.0,0.999999894907886,0.0,1.0,0.0,-0.999999894907886,0.0,-0.00045845852272428385,0.0006393743392147569,0.0,0.5000215545523098,0
-0.0005541366044018989,0.0,0.9999998464663,0.0,1.0,0.0,-0.9999998464663,0.0,-0.0005541366044018989,0.0007728099337136705,0.0,0.5000260159132328,0
-0.0006619587347846872,0.0,0.9999997809052927,0.0,1.0,0.0,-0.9999997809052927,0.0,-0.0006619587347846872,0.0009231825112349518,0.0,0.5000310282373188,0
-0.0007825742654928716,0.0,0.9999996937887126,0.0,1.0,0.0,-0.9999996937887126,0.0,-0.0007825742654928716,0.0010913978719365811,0.0,0.5000366160749116,0
-0.0009166200723377134,0.0,0.9999995799037332,0.0,1.0,0.0,-0.9999995799037332,0.0,-0.0009166200723377134,0.001278344453892626,0.0,0.5000428023026575,0
-0.0010647206271750108,0.0,0.9999994331848324,0.0,1.0,0.0,-0.9999994331848324,0.0,-0.0010647206271750108,0.0014848934368990798,0.0,0.5000496080208866,0
-0.0012274880696592106,0.0,0.9999992466362356,0.0,1.0,0.0,-0.9999992466362356,0.0,-0.0012274880696592106,0.0017118988462137541,0.0,0.5000570524488485,0
-0.0014055222788846705,0.0,0.999999012253074,0.0,1.0,0.0,-0.999999012253074,0.0,-0.0014055222788846705,0.0019601976561996566,0.0,0.5000651528181498,0
-0.0015994109448999097,0.0,0.9999987209414967,0.0,1.0,0.0,-0.9999987209414967,0.0,-0.0015994109448999097,0.0022306098938407242,0.0,0.500073924264728,0
-0.0018097296400799857,0.0,0.9999983624379741,0.0,1.0,0.0,-0.9999983624379741,0.0,-0.0018097296400799857,0.0025239387420980084,0.0,0.5000833797196885,0
-0.0020370418903415677,0.0,0.9999979252280161,0.0,1.0,0.0,-0.9999979252280161,0.0,-0.0020370418903415677,0.002840970643074171,0.0,0.5000935297993205,0
-0.00228189924618471,0.0,0.9999973964645259,0.0,1.0,0.0,-0.9999973964645259,0.0,-0.00228189924618471,0.003182475400953526,0.0,0.5001043826945949,0
-0.002544841353544853,0.0,0.999996761886,0.0,1.0,0.0,-0.999996761886,0.0,-0.002544841353544853,0.0035492062846847372,0.0,0.5001159440604392,0
-0.0028263960244382163,0.0,0.9999960057347794,0.0,1.0,0.0,-0.9999960057347794,0.0,-0.0028263960244382163,0.00394190013037292,0.0,0.5001282169050748,0
-0.0031270793073833636,0.0,0.9999951106755499,0.0,1.0,0.0,-0.9999951106755499,0.0,-0.0031270793073833636,0.004361277443347846,0.0,0.5001412014796892,0
-0.0034473955575815055,0.0,0.9999940577142794,0.0,1.0,0.0,-0.9999940577142794,0.0,-0.0034473955575815055,0.004808042499874941,0.0,0.5001548951687081,0
-0.003787837506837921,0.0,0.9999928261177786,0.0,1.0,0.0,-0.9999928261177786,0.0,-0.003787837506837921,0.005282883448475779,0.0,0.5001692923809243,0
-0.004148886333206785,0.0,0.9999913933340597,0.0,1.0,0.0,-0.9999913933340597,0.0,-0.004148886333206785,0.005786472410825044,0.0,0.5001843844417249,0
-0.004531011730341642,0.0,0.9999897349136637,0.0,1.0,0.0,-0.9999897349136637,0.0,-0.004531011730341642,0.0063194655821911415,0.0,0.5002001594866576,0
-0.004934671976533878,0.0,0.9999878244321198,0.0,1.0,0.0,-0.9999878244321198,0.0,-0.004934671976533878,0.006882503331388104,0.0,0.5002166023565594,0
-0.005360314003421633,0.0,0.999985633413693,0.0,1.0,0.0,-0.999985633413693,0.0,-0.005360314003421633,0.007476210300206894,0.0,0.5002336944944672,0
-0.005808373464351854,0.0,0.999983131256572,0.0,1.0,0.0,-0.999983131256572,0.0,-0.005808373464351854,0.008101195502294834,0.0,0.50025141384452,0
-0.006279274802378473,0.0,0.9999802851596407,0.0,1.0,0.0,-0.9999802851596407,0.0,-0.006279274802378473,0.008758052421452596,0.0,0.5002697347530523,0
-0.006773431317880053,0.0,0.9999770600509703,0.0,1.0,0.0,-0.9999770600509703,0.0,-0.006773431317880053,0.009447359109319022,0.0,0.5002886278720703,0
-0.007291245235780742,0.0,0.9999734185181682,0.0,1.0,0.0,-0.9999734185181682,0.0,-0.007291245235780742,0.010169678282414898,0.0,0.5003080600652969,0
-0.00783310777235888,0.0,0.9999693207407049,0.0,1.0,0.0,-0.9999693207407049,0.0,-0.00783310777235888,0.010925557418517966,0.0,0.5003279943169574,0
-0.00839939920162821,0.0,0.9999647244243427,0.0,1.0,0.0,-0.9999647244243427,0.0,-0.00839939920162821,0.01171552885234241,0.0,0.5003483896434753,0
-0.008990488921277264,0.0,0.9999595847377815,0.0,1.0,0.0,-0.9999595847377815,0.0,-0.008990488921277264,0.012540109870497288,0.0,0.5003692010082391,0
-0.009606735518153442,0.0,0.9999538542516271,0.0,1.0,0.0,-0.9999538542516271,0.0,-0.009606735518153442,0.01339980280569996,0.0,0.5003903792395872,0
-0.010248486833278824,0.0,0.9999474828797901,0.0,1.0,0.0,-0.9999474828797901,0.0,-0.010248486833278824,0.014295095130221489,0.0,0.5004118709521593,0
-0.010916080026385866,0.0,0.9999404178234109,0.0,1.0,0.0,-0.9999404178234109,0.0,-0.010916080026385866,0.01522645954854285,0.0,0.5004336184717494,0
-0.011609841639961992,0.0,0.9999326035174045,0.0,1.0,0.0,-0.9999326035174045,0.0,-0.011609841639961992,0.016194354089202265,0.0,0.5004555597637877,0
-0.01233008766279308,0.0,0.9999239815797138,0.0,1.0,0.0,-0.9999239815797138,0.0,-0.01233008766279308,0.017199222195815465,0.0,0.5004776283655771,0
-0.01307712359299697,0.0,0.9999144907633519,0.0,1.0,0.0,-0.9999144907633519,0.0,-0.01307712359299697,0.018241492817252715,0.0,0.5004997533223945,0
-0.013851244500539121,0.0,0.9999040669113144,0.0,1.0,0.0,-0.9999040669113144,0.0,-0.013851244500539121,0.019321580496957827,0.0,0.5005218591275709,0
-0.014652735089223932,0.0,0.9998926429144306,0.0,1.0,0.0,-0.9998926429144306,0.0,-0.014652735089223932,0.02043988546139676,0.0,0.5005438656666439,0
-0.01548186975815606,0.0,0.9998801486722254,0.0,1.0,0.0,-0.9998801486722254,0.0,-0.01548186975815606,0.021596793707624583,0.0,0.5005656881656855,0
-0.016338912662667945,0.0,0.9998665110568519,0.0,1.0,0.0,-0.9998665110568519,0.0,-0.016338912662667945,0.02279267708996271,0.0,0.5005872371438858,0
-0.017224117774710276,0.0,0.9998516538801558,0.0,1.0,0.0,-0.9998516538801558,0.0,-0.017224117774710276,0.024027893405778808,0.0,0.5006084183704795,0
-0.018137728942704358,0.0,0.9998354978639241,0.0,1.0,0.0,-0.9998354978639241,0.0,-0.018137728942704358,0.025302786480365626,0.0,0.5006291328260879,0
-0.019079979950855783,0.0,0.9998179606133684,0.0,1.0,0.0,-0.9998179606133684,0.0,-0.019079979950855783,0.02661768625091539,0.0,0.5006492766685453,0
-0.020051094577931108,0.0,0.9997989565938878,0.0,1.0,0.0,-0.9997989565938878,0.0,-0.020051094577931108,0.027972908849590063,0.0,0.5006687412032762,0
-0.021051286655499924,0.0,0.9997783971111538,0.0,1.0,0.0,-0.9997783971111538,0.0,-0.021051286655499924,0.029368756685688887,0.0,0.5006874128582761,0
-0.02208076012564678,0.0,0.9997561902945505,0.0,1.0,0.0,-0.9997561902945505,0.0,-0.02208076012564678,0.030805518526917583,0.0,0.5007051731637513,0
-0.023139709098158354,0.0,0.9997322410840077,0.0,1.0,0.0,-0.9997322410840077,0.0,-0.023139709098158354,0.03228346957976531,0.0,0.5007218987364616,0
-0.024228317907193368,0.0,0.9997064512202509,0.0,1.0,0.0,-0.9997064512202509,0.0,-0.024228317907193368,0.03380287156899833,0.0,0.5007374612688059,0
-0.02534676116744342,0.0,0.9996787192384964,0.0,1.0,0.0,-0.9996787192384964,0.0,-0.02534676116744342,0.03536397281628084,0.0,0.5007517275226877,0
-0.026495203829795637,0.0,0.9996489404656105,0.0,1.0,0.0,-0.9996489404656105,0.0,-0.026495203829795637,0.03696700831793689,0.0,0.5007645593281882,0
-0.027673801236508092,0.0,0.9996170070207501,0.0,1.0,0.0,-0.9996170070207501,0.0,-0.027673801236508092,0.03861219982186804,0.0,0.5007758135870711,0
-0.028882699175911856,0.0,0.9995828078194992,0.0,1.0,0.0,-0.9995828078194992,0.0,-0.028882699175911856,0.040299755903645505,0.0,0.500785342281141,0
-0.030122033936654174,0.0,0.9995462285815094,0.0,1.0,0.0,-0.9995462285815094,0.0,-0.030122033936654174,0.0420298720417963,0.0,0.5007929924854665,0
-0.03139193236149911,0.0,0.999507151841652,0.0,1.0,0.0,-0.999507151841652,0.0,-0.03139193236149911,0.04380273069230617,0.0,0.5007986063864789,0
-0.032692511900703554,0.0,0.9994654569646829,0.0,1.0,0.0,-0.9994654569646829,0.0,-0.032692511900703554,0.04561850136236391,0.0,0.5008020213049521,0
-0.03402388066498782,0.0,0.9994210201634217,0.0,1.0,0.0,-0.9994210201634217,0.0,-0.03402388066498782,0.04747734068337405,0.0,0.5008030697238608,0
-0.03538613747812185,0.0,0.9993737145204388,0.0,1.0,0.0,-0.9993737145204388,0.0,-0.03538613747812185,0.04937939248326742,0.0,0.500801579321116,0
-0.03677937192914907,0.0,0.9993234100132435,0.0,1.0,0.0,-0.9993234100132435,0.0,-0.03677937192914907,0.051324787858140444,0.0,0.5007973730071643,0
-0.03820366442427185,0.0,0.9992699735429649,0.0,1.0,0.0,-0.9992699735429649,0.0,-0.03820366442427185,0.0533136452432576,0.0,0.5007902689674415,0
-0.039659086238423624,0.0,0.9992132689665071,0.0,1.0,0.0,-0.9992132689665071,0.0,-0.039659086238423624,0.05534607048345194,0.0,0.500780080709659,0
-0.041145699566554346,0.0,0.999153157132168,0.0,1.0,0.0,-0.999153157132168,0.0,-0.041145699566554346,0.05742215690296229,0.0,0.5007666171159046,0
-0.042663557574657035,0.0,0.9990894959186959,0.0,1.0,0.0,-0.9990894959186959,0.0,-0.042663557574657035,0.059541985374746385,0.0,0.5007496824995271,0
-0.044212704450565035,0.0,0.9990221402777653,0.0,1.0,0.0,-0.9990221402777653,0.0,-0.044212704450565035,0.061705624389312506,0.0,0.5007290766667771,0
-0.045793175454550056,0.0,0.9989509422798443,0.0,1.0,0.0,-0.9989509422798443,0.0,-0.045793175454550056,0.06391313012311273,0.0,0.50070459498317,0
-0.04740499696975336,0.0,0.9988757511634255,0.0,1.0,0.0,-0.9988757511634255,0.0,-0.04740499696975336,0.06616454650654423,0.0,0.50067602844453,0
-0.04904818655248267,0.0,0.9987964133875896,0.0,1.0,0.0,-0.9987964133875896,0.0,-0.04904818655248267,0.06845990529160564,0.0,0.5006431637526767,0
-0.050722752982409455,0.0,0.9987127726878662,0.0,1.0,0.0,-0.9987127726878662,0.0,-0.050722752982409455,0.07079922611925836,0.0,0.5006057833957056,0
-0.05242869631270141,0.0,0.9986246701353569,0.0,1.0,0.0,-0.9986246701353569,0.0,-0.05242869631270141,0.07318251658654294,0.0,0.5005636657328141,0
-0.05416600792012706,0.0,0.9985319441990811,0.0,1.0,0.0,-0.9985319441990811,0.0,-0.05416600792012706,0.07560977231350435,0.0,0.5005165850836206,0
-0.055934670555169486,0.0,0.9984344308115003,0.0,1.0,0.0,-0.9984344308115003,0.0,-0.055934670555169486,0.07808097700997924,0.0,0.5004643118219186,0
-0.057734658392187777,0.0,0.9983319634371812,0.0,1.0,0.0,-0.9983319634371812,0.0,-0.057734658392187777,0.08059610254230118,0.0,0.5004066124738077,0
-0.05956593707966572,0.0,0.9982243731445457,0.0,1.0,0.0,-0.9982243731445457,0.0,-0.05956593707966572,0.08315510899998177,0.0,0.500343249820136,0
-0.061428463790586973,0.0,0.9981114886806627,0.0,1.0,0.0,-0.9981114886806627,0.0,-0.061428463790586973,0.08575794476242371,0.0,0.5002739830031894,0
-0.063322187272979,0.0,0.9979931365490274,0.0,1.0,0.0,-0.9979931365490274,0.0,-0.063322187272979,0.08840454656572816,0.0,0.5001985676375562,0
-0.06524704790066613,0.0,0.9978691410902775,0.0,1.0,0.0,-0.9978691410902775,0.0,-0.06524704790066613,0.09109483956965456,0.0,0.5001167559250956,0
-0.06720297772427494,0.0,0.9977393245657858,0.0,1.0,0.0,-0.9977393245657858,0.0,-0.06720297772427494,0.09382873742479628,0.0,0.5000282967739328,0
-0.06918990052253417,0.0,0.9976035072440763,0.0,1.0,0.0,-0.9976035072440763,0.0,-0.06918990052253417,0.09660614234003322,0.0,0.49993293592140137,0
-0.07120773185391337,0.0,0.997461507489999,0.0,1.0,0.0,-0.997461507489999,0.0,-0.07120773185391337,0.09942694515032639,0.0,0.4998304160608534,0
-0.07325637910864331,0.0,0.997313141856604,0.0,1.0,0.0,-0.997313141856604,0.0,-0.07325637910864331,0.10229102538491716,0.0,0.49972047697224936,0
-0.07533574156116297,0.0,0.99715822517965,0.0,1.0,0.0,-0.99715822517965,0.0,-0.07533574156116297,0.1051982513359965,0.0,0.4996028556564423,0
-0.07744571042303747,0.0,0.9969965706746794,0.0,1.0,0.0,-0.9969965706746794,0.0,-0.07744571042303747,0.10814848012790969,0.0,0.4994772864730652,0
-0.07958616889639196,0.0,0.9968279900365935,0.0,1.0,0.0,-0.9968279900365935,0.0,-0.07958616889639196,0.11114155778696218,0.0,0.4993435012819282,0
-0.08175699222790594,0.0,0.9966522935416574,0.0,1.0,0.0,-0.9966522935416574,0.0,-0.08175699222790594,0.11417731931189207,0.0,0.499201229587831,0
-0.0839580477634137,0.0,0.9964692901518623,0.0,1.0,0.0,-0.9964692901518623,0.0,-0.0839580477634137,0.11725558874507626,0.0,0.49905019868869155,0
-0.08618919500315537,0.0,0.9962787876215713,0.0,1.0,0.0,-0.9962787876215713,0.0,-0.08618919500315537,0.12037617924453585,0.0,0.49889013382689124,0
-0.08845028565772427,0.0,0.9960805926063749,0.0,1.0,0.0,-0.9960805926063749,0.0,-0.08845028565772427,0.12353889315680801,0.0,0.4987207583437326,0
-0.0907411637047547,0.0,0.9958745107740768,0.0,1.0,0.0,-0.9958745107740768,0.0,-0.0907411637047547,0.12674352209074966,0.0,0.4985417938369049,0
-0.093061665446395,0.0,0.9956603469177344,0.0,1.0,0.0,-0.9956603469177344,0.0,-0.093061665446395,0.12998984699233915,0.0,0.49835296032085136,0
-0.0954116195676112,0.0,0.9954379050706706,0.0,1.0,0.0,-0.9954379050706706,0.0,-0.0954116195676112,0.13327763822054253,0.0,0.49815397638992565,0
-0.09779084719536375,0.0,0.9952069886233783,0.0,1.0,0.0,-0.9952069886233783,0.0,-0.09779084719536375,0.13660665562430854,0.0,0.4979445593842281,0
-0.10019916195870193,0.0,0.9949674004422325,0.0,1.0,0.0,-0.9949674004422325,0.0,-0.10019916195870193,0.13997664862075704,0.0,0.49772442555800767,0
-0.10263637004981878,0.0,0.9947189429899265,0.0,1.0,0.0,-0.9947189429899265,0.0,-0.10263637004981878,0.14338735627462626,0.0,0.49749329025051253,0
-0.1051022702861084,0.0,0.9944614184475463,0.0,1.0,0.0,-0.9944614184475463,0.0,-0.1051022702861084,0.14683850737903945,0.0,0.497250868059174,0
-0.10759665417326894,0.0,0.9941946288381959,0.0,1.0,0.0,-0.9941946288381959,0.0,-0.10759665417326894,0.15032982053765734,0.0,0.4969968730150013,0
-0.11011930596949022,0.0,0.9939183761520851,0.0,1.0,0.0,-0.9939183761520851,0.0,-0.11011930596949022,0.15386100424827337,0.0,0.4967310187600692,0
-0.11267000275076765,0.0,0.9936324624729921,0.0,1.0,0.0,-0.9936324624729921,0.0,-0.11267000275076765,0.15743175698791487,0.0,0.4964530187269743,0
-0.11524851447738127,0.0,0.9933366901060067,0.0,1.0,0.0,-0.9933366901060067,0.0,-0.11524851447738127,0.1610417672995086,0.0,0.496162586320134,0
-0.11785460406157854,0.0,0.993030861706467,0.0,1.0,0.0,-0.993030861706467,0.0,-0.11785460406157854,0.16469071388016818,0.0,0.4958594350988062,0
-0.12048802743649736,0.0,0.9927147804099936,0.0,1.0,0.0,-0.9927147804099936,0.0,-0.12048802743649736,0.16837826567115957,0.0,0.49554327896169764,0
-0.1231485336263668,0.0,0.9923882499635289,0.0,1.0,0.0,-0.9923882499635289,0.0,-0.1231485336263668,0.17210408194960083,0.0,0.4952138323330363,0
-0.1258358648180188,0.0,0.9920510748572884,0.0,1.0,0.0,-0.9920510748572884,0.0,-0.1258358648180188,0.1758678124219468,0.0,0.49487081034997543,0
-0.12854975643374655,0.0,0.9917030604575265,0.0,1.0,0.0,-0.9917030604575265,0.0,-0.12854975643374655,0.1796690973193133,0.0,0.4945139290511995,0
-0.13128993720554044,0.0,0.9913440131400225,0.0,1.0,0.0,-0.9913440131400225,0.0,-0.13128993720554044,0.1835075674946888,0.0,0.4941429055665975,0
-0.13405612925073296,0.0,0.9909737404241904,0.0,1.0,0.0,-0.9909737404241904,0.0,-0.13405612925073296,0.18738284452208118,0.0,0.4937574583078749,0
-0.1368480481490827,0.0,0.9905920511077132,0.0,1.0,0.0,-0.9905920511077132,0.0,-0.1368480481490827,0.19129454079764638,0.0,0.49335730715996384,0
-0.1396654030213249,0.0,0.9901987554016066,0.0,1.0,0.0,-0.9901987554016066,0.0,-0.1396654030213249,0.19524225964284284,0.0,0.49294217367310245,0
-0.14250789660921545,0.0,0.9897936650656122,0.0,1.0,0.0,-0.9897936650656122,0.0,-0.14250789660921545,0.19922559540965198,0.0,0.49251178125544354,0
-0.14537522535709202,0.0,0.9893765935438208,0.0,1.0,0.0,-0.9893765935438208,0.0,-0.14537522535709202,0.20324413358790464,0.0,0.4920658553660569,0
-0.14826707949497814,0.0,0.9889473561004296,0.0,1.0,0.0,-0.9889473561004296,0.0,-0.14826707949497814,0.20729745091475232,0.0,0.4916041237081907,0
-0.15118314312324846,0.0,0.9885057699555301,0.0,1.0,0.0,-0.9885057699555301,0.0,-0.15118314312324846,0.21138511548631453,0.0,0.4911263164226497,0
-0.15412309429887713,0.0,0.9880516544208301,0.0,1.0,0.0,-0.9880516544208301,0.0,-0.15412309429887713,0.21550668687153668,0.0,0.49063216628115724,0
-0.15708660512328562,0.0,0.9875848310352083,0.0,1.0,0.0,-0.9875848310352083,0.0,-0.15708660512328562,0.21966171622828717,0.0,0.49012140887955824,0
-0.16007334183180708,0.0,0.9871051237000026,0.0,1.0,0.0,-0.9871051237000026,0.0,-0.16007334183180708,0.22384974642172095,0.0,0.48959378283072796,0
-0.16308296488478038,0.0,0.9866123588139313,0.0,1.0,0.0,-0.9866123588139313,0.0,-0.16308296488478038,0.22807031214493328,0.0,0.48904902995704663,0
-0.16611512906028578,0.0,0.986106365407548,0.0,1.0,0.0,-0.986106365407548,0.0,-0.16611512906028578,0.2323229400419253,0.0,0.4884868954823003,0
-0.16916948354853262,0.0,0.9855869752771304,0.0,1.0,0.0,-0.9855869752771304,0.0,-0.16916948354853262,0.23660714883290007,0.0,0.48790712822287047,0
-0.17224567204790675,0.0,0.9850540231179024,0.0,1.0,0.0,-0.9850540231179024,0.0,-0.17224567204790675,0.2409224494419048,0.0,0.4873094807780742,0
-0.17534333286268294,0.0,0.9845073466564921,0.0,1.0,0.0,-0.9845073466564921,0.0,-0.17534333286268294,0.24526834512683132,0.0,0.4866937097195149,0
-0.17846209900240675,0.0,0.9839467867825247,0.0,1.0,0.0,-0.9839467867825247,0.0,-0.17846209900240675,0.2496443316117862,0.0,0.4860595757793074,0
-0.18160159828294709,0.0,0.9833721876792526,0.0,1.0,0.0,-0.9833721876792526,0.0,-0.18160159828294709,0.25404989722183524,0.0,0.4854068440370392,0
-0.18476145342921774,0.0,0.9827833969531247,0.0,1.0,0.0,-0.9827833969531247,0.0,-0.18476145342921774,0.2584845230201272,0.0,0.4847352841053303,0
-0.18794128217956754,0.0,0.9821802657621971,0.0,1.0,0.0,-0.9821802657621971,0.0,-0.18794128217956754,0.2629476829473981,0.0,0.4840446703138578,0
-0.19114069739183007,0.0,0.9815626489432882,0.0,1.0,0.0,-0.9815626489432882,0.0,-0.19114069739183007,0.26743884396385037,0.0,0.4833347818917062,0
-0.19435930715103017,0.0,0.9809304051377812,0.0,1.0,0.0,-0.9809304051377812,0.0,-0.19435930715103017,0.271957466193406,0.0,0.4826054031479117,0
-0.19759671487873337,0.0,0.9802833969159799,0.0,1.0,0.0,-0.9802833969159799,0.0,-0.19759671487873337,0.2765030030703199,0.0,0.48185632365006464,0
-0.20085251944402938,0.0,0.9796214908999219,0.0,1.0,0.0,-0.9796214908999219,0.0,-0.20085251944402938,0.28107490148814435,0.0,0.48108733840083995,0
-0.2041263152761337,0.0,0.9789445578845558,0.0,1.0,0.0,-0.9789445578845558,0.0,-0.2041263152761337,0.2856726019510288,0.0,0.48029824801232096,0
-0.20741769247859154,0.0,0.9782524729571893,0.0,1.0,0.0,-0.9782524729571893,0.0,-0.20741769247859154,0.29029553872733466,0.0,0.479488858877989,0
-0.21072623694506548,0.0,0.9775451156151168,0.0,1.0,0.0,-0.9775451156151168,0.0,-0.21072623694506548,0.29494314000554606,0.0,0.47865898334224777,0
-0.2140515304766853,0.0,0.9768223698813355,0.0,1.0,0.0,-0.9768223698813355,0.0,-0.2140515304766853,0.29961482805244904,0.0,0.4778084398673574,0
-0.21739315090093653,0.0,0.9760841244182608,0.0,1.0,0.0,-0.9760841244182608,0.0,-0.21739315090093653,0.304310019373552,0.0,0.47693705319764934,0
-0.22075067219206296,0.0,0.9753302726393518,0.0,1.0,0.0,-0.9753302726393518,0.0,-0.22075067219206296,0.3090281248757156,0.0,0.4760446545209002,0
-0.22412366459295485,0.0,0.9745607128185625,0.0,1.0,0.0,-0.9745607128185625,0.0,-0.22412366459295485,0.3137685500319585,0.0,0.47513108162674195,0
-0.22751169473849192,0.0,0.9737753481975292,0.0,1.0,0.0,-0.9737753481975292,0.0,-0.22751169473849192,0.31853069504839815,0.0,0.47419617906198513,0
-0.2309143257803101,0.0,0.9729740870904141,0.0,1.0,0.0,-0.9729740870904141,0.0,-0.2309143257803101,0.32331395503328886,0.0,0.47323979828274,0
-0.23433111751295632,0.0,0.9721568429863203,0.0,1.0,0.0,-0.9721568429863203,0.0,-0.23433111751295632,0.3281177201681101,0.0,0.4722617978032169,0
-0.23776162650139543,0.0,0.9713235346491976,0.0,1.0,0.0,-0.9713235346491976,0.0,-0.23776162650139543,0.33294137588066,0.0,0.471262043341091,0
-0.24120540620982997,0.0,0.9704740862151606,0.0,1.0,0.0,-0.9704740862151606,0.0,-0.24120540620982997,0.33778430302010104,0.0,0.47024040795932054,0
-0.2446620071317915,0.0,0.9696084272871411,0.0,1.0,0.0,-0.9696084272871411,0.0,-0.2446620071317915,0.34264587803390645,0.0,0.46919677220430733,0
-0.24813097692146066,0.0,0.9687264930267994,0.0,1.0,0.0,-0.9687264930267994,0.0,-0.24813097692146066,0.347525473146649,0.0,0.4681310242402932,0
-0.25161186052617135,0.0,0.9678282242436198,0.0,1.0,0.0,-0.9678282242436198,0.0,-0.25161186052617135,0.3524224565405752,0.0,0.4670430599798854,0
-0.25510420032005005,0.0,0.9669135674811207,0.0,1.0,0.0,-0.9669135674811207,0.0,-0.25510420032005005,0.3573361925378991,0.0,0.4659327832106108,0
-0.25860753623874294,0.0,0.9659824751001062,0.0,1.0,0.0,-0.9659824751001062,0.0,-0.25860753623874294,0.3622660417847522,0.0,0.4648001057173976,0
-0.2621214059151787,0.0,0.9650349053588944,0.0,1.0,0.0,-0.9650349053588944,0.0,-0.2621214059151787,0.36721136143672223,0.0,0.4636449474008875,0
-0.2656453448163146,0.0,0.9640708224904544,0.0,1.0,0.0,-0.9640708224904544,0.0,-0.2656453448163146,0.3721715053459085,0.0,0.46246723639148524,0
-0.2691788863808093,0.0,0.963090196776391,0.0,1.0,0.0,-0.963090196776391,0.0,-0.2691788863808093,0.3771458242494196,0.0,0.46126690915905405,0
-0.272721562157569,0.0,0.9620930046177112,0.0,1.0,0.0,-0.9620930046177112,0.0,-0.272721562157569,0.38213366595924075,0.0,0.4600439106181661,0
-0.2762729019451039,0.0,0.9610792286023203,0.0,1.0,0.0,-0.9610792286023203,0.0,-0.2762729019451039,0.38713437555338653,0.0,0.4587981942288285,0
-0.279832433931641,0.0,0.9600488575691832,0.0,1.0,0.0,-0.9600488575691832,0.0,-0.279832433931641,0.39214729556826583,0.0,0.4575297220925961,0
-0.2833996848359242,0.0,0.9590018866691029,0.0,1.0,0.0,-0.9590018866691029,0.0,-0.2833996848359242,0.39717176619216626,0.0,0.45623846504399795,0
-0.2869741800486462,0.0,0.9579383174220599,0.0,1.0,0.0,-0.9579383174220599,0.0,-0.2869741800486462,0.40220712545978105,0.0,0.454924402737198,0
-0.29055544377444104,0.0,0.9568581577710656,0.0,1.0,0.0,-0.9568581577710656,0.0,-0.29055544377444104,0.4072527094476843,0.0,0.4535875237278206,0
-0.2941429991743747,0.0,0.9557614221324817,0.0,1.0,0.0,-0.9557614221324817,0.0,-0.2941429991743747,0.4123078524706674,0.0,0.4522278255498709,0
-0.2977363685088673,0.0,0.9546481314427594,0.0,1.0,0.0,-0.9546481314427594,0.0,-0.2977363685088673,0.41737188727884633,0.0,0.4508453147876834,0
-0.30133507328097386,0.0,0.953518313201561,0.0,1.0,0.0,-0.953518313201561,0.0,-0.30133507328097386,0.42244414525544166,0.0,0.4494400071428413,0
-0.3049386343799576,0.0,0.9523720015112196,0.0,1.0,0.0,-0.9523720015112196,0.0,-0.3049386343799576,0.4275239566151384,0.0,0.4480119274960034,0
-0.3085465722250837,0.0,0.9512092371125037,0.0,1.0,0.0,-0.9512092371125037,0.0,-0.3085465722250837,0.43261065060292925,0.0,0.4465611099635883,0
-0.3121584069095618,0.0,0.95003006741665,0.0,1.0,0.0,-0.95003006741665,0.0,-0.3121584069095618,0.43770355569334096,0.0,0.44508759794926067,0
-0.3157736583445625,0.0,0.9488345465336364,0.0,1.0,0.0,-0.9488345465336364,0.0,-0.3157736583445625,0.4428019997899432,0.0,0.44359144419017876,0
-0.319391846403237,0.0,0.9476227352966639,0.0,1.0,0.0,-0.9476227352966639,0.0,-0.319391846403237,0.44790531042503984,0.0,0.4420727107979532,0
-0.32301249106466173,0.0,0.946394701282822,0.0,1.0,0.0,-0.946394701282822,0.0,-0.32301249106466173,0.45301281495943696,0.0,0.4405314692942817,0
-0.3266351125576371,0.0,0.9451505188299162,0.0,1.0,0.0,-0.9451505188299162,0.0,-0.3266351125576371,0.45812384078218943,0.0,0.43896780064122265,0
-0.33025923150425945,0.0,0.9438902690494356,0.0,1.0,0.0,-0.9438902690494356,0.0,-0.33025923150425945,0.46323771551021337,0.0,0.43738179526607635,0
-0.3338843690631932,0.0,0.9426140398356442,0.0,1.0,0.0,-0.9426140398356442,0.0,-0.3338843690631932,0.4683537671876636,0.0,0.43577355308084514,0
-0.33751004707256566,0.0,0.9413219258707801,0.0,1.0,0.0,-0.9413219258707801,0.0,-0.33751004707256566,0.47347132448497037,0.0,0.434143183496249,0
-0.3411357881924069,0.0,0.9400140286263526,0.0,1.0,0.0,-0.9400140286263526,0.0,-0.3411357881924069,0.47858971689742535,0.0,0.43249080543027557,0
-0.34476111604655535,0.0,0.9386904563605265,0.0,1.0,0.0,-0.9386904563605265,0.0,-0.34476111604655535,0.4837082749432073,0.0,0.43081654731125063,0
-0.34838555536395605,0.0,0.9373513241115884,0.0,1.0,0.0,-0.9373513241115884,0.0,-0.34838555536395605,0.4888263303607481,0.0,0.4291205470754137,0
-0.352008632119269,0.0,0.9359967536874907,0.0,1.0,0.0,-0.9359967536874907,0.0,-0.352008632119269,0.4939432163053195,0.0,0.42740295215899216,0
-0.35562987367271215,0.0,0.9346268736514753,0.0,1.0,0.0,-0.9346268736514753,0.0,-0.35562987367271215,0.49905826754474114,0.0,0.4256639194847713,0
-0.35924880890906163,0.0,0.9332418193037754,0.0,1.0,0.0,-0.9332418193037754,0.0,-0.35924880890906163,0.5041708206540965,0.0,0.4239036154431546,0
-0.36286496837573146,0.0,0.9318417326594036,0.0,1.0,0.0,-0.9318417326594036,0.0,-0.36286496837573146,0.5092802142093507,0.0,0.422122215867724,0
-0.3664778844198548,0.0,0.9304267624220337,0.0,1.0,0.0,-0.9304267624220337,0.0,-0.3664778844198548,0.514385788979763,0.0,0.42031990600530283,0
-0.3700870913242914,0.0,0.9289970639539856,0.0,1.0,0.0,-0.9289970639539856,0.0,-0.3700870913242914,0.5194868881189822,0.0,0.41849688048053524,0
-0.3736921254424832,0.0,0.9275527992423285,0.0,1.0,0.0,-0.9275527992423285,0.0,-0.3736921254424832,0.5245828573547239,0.0,0.4166533432549963,0
-0.3772925253320853,0.0,0.9260941368611173,0.0,1.0,0.0,-0.9260941368611173,0.0,-0.3772925253320853,0.5296730451769186,0.0,0.4147895075808528,0
-0.3808878318872932,0.0,0.9246212519297818,0.0,1.0,0.0,-0.9246212519297818,0.0,-0.3808878318872932,0.5347568030242278,0.0,0.41290559594909537,0
-0.384477588469797,0.0,0.9231343260676906,0.0,1.0,0.0,-0.9231343260676906,0.0,-0.384477588469797,0.5398334854688228,0.0,0.4110018400323722,0
-0.38806134103828394,0.0,0.9216335473449133,0.0,1.0,0.0,-0.9216335473449133,0.0,-0.38806134103828394,0.5449024503993211,0.0,0.4090784806224517,0
-0.3916386382764209,0.0,0.9201191102292087,0.0,1.0,0.0,-0.9201191102292087,0.0,-0.3916386382764209,0.5499630592017812,0.0,0.40713576756234976,0
-0.3952090317192441,0.0,0.9185912155292677,0.0,1.0,0.0,-0.9185912155292677,0.0,-0.3952090317192441,0.5550146769386529,0.0,0.4051739596731587,0
-0.3987720758778854,0.0,0.9170500703342441,0.0,1.0,0.0,-0.9170500703342441,0.0,-0.3987720758778854,0.5600566725255831,0.0,0.4031933246756203,0
-0.402327328362564,0.0,0.9154958879496082,0.0,1.0,0.0,-0.9154958879496082,0.0,-0.402327328362564,0.5650884189059786,0.0,0.40119413910648855,0
-0.4058743500037823,0.0,0.913928887829358,0.0,1.0,0.0,-0.913928887829358,0.0,-0.4058743500037823,0.5701092932232344,0.0,0.3991766882297278,0
-0.40941270497165055,0.0,0.9123492955046308,0.0,1.0,0.0,-0.9123492955046308,0.0,-0.40941270497165055,0.5751186769905241,0.0,0.39714126594260263,0
-0.41294196089328317,0.0,0.9107573425087553,0.0,1.0,0.0,-0.9107573425087553,0.0,-0.41294196089328317,0.5801159562580691,0.0,0.3950881746767111,0
-0.41646168896819846,0.0,0.9091532662987883,0.0,1.0,0.0,-0.9091532662987883,0.0,-0.41646168896819846,0.5851005217777905,0.0,0.39301772529402274,0
-0.4199714640816616,0.0,0.9075373101735849,0.0,1.0,0.0,-0.9075373101735849,0.0,-0.4199714640816616,0.5900717691652552,0.0,0.3909302369779827,0
-0.4234708649159103,0.0,0.9059097231884482,0.0,1.0,0.0,-0.9059097231884482,0.0,-0.4234708649159103,0.5950290990588333,0.0,0.3888260371197476,0
-0.4269594740592069,0.0,0.9042707600664114,0.0,1.0,0.0,-0.9042707600664114,0.0,-0.4269594740592069,0.5999719172759805,0.0,0.3867054611996202,0
-0.43043687811265435,0.0,0.9026206811062064,0.0,1.0,0.0,-0.9026206811062064,0.0,-0.43043687811265435,0.6048996349665626,0.0,0.38456885266375807,0
-0.4339026677947309,0.0,0.9009597520869705,0.0,1.0,0.0,-0.9009597520869705,0.0,-0.4339026677947309,0.60981166876315,0.0,0.3824165627962251,0
-0.43735643804348073,0.0,0.899288244169754,0.0,1.0,0.0,-0.899288244169754,0.0,-0.43735643804348073,0.6147074409281955,0.0,0.3802489505864704,0
-0.4407977881163186,0.0,0.897606433795882,0.0,1.0,0.0,-0.897606433795882,0.0,-0.4407977881163186,0.6195863794980337,0.0,0.37806638259230785,0
-0.44422632168739457,0.0,0.8959146025822369,0.0,1.0,0.0,-0.8959146025822369,0.0,-0.44422632168739457,0.6244479184236245,0.0,0.37586923279848394,0
-0.447641646942473,0.0,0.8942130372135213,0.0,1.0,0.0,-0.8942130372135213,0.0,-0.447641646942473,0.629291497707969,0.0,0.3736578824709192,0
-0.4510433766712852,0.0,0.892502029331567,0.0,1.0,0.0,-0.892502029331567,0.0,-0.4510433766712852,0.6341165635401474,0.0,0.37143272000670824,0
-0.4544311283573124,0.0,0.8907818754217555,0.0,1.0,0.0,-0.8907818754217555,0.0,-0.4544311283573124,0.6389225684259062,0.0,0.3691941407799718,0
-0.4578045242649552,0.0,0.8890528766966215,0.0,1.0,0.0,-0.8890528766966215,0.0,-0.4578045242649552,0.6437089713147341,0.0,0.36694254698365497,0
-0.46116319152406005,0.0,0.887315338976704,0.0,1.0,0.0,-0.887315338976704,0.0,-0.46116319152406005,0.6484752377233849,0.0,0.36467834746736255,0
-0.4645067622117645,0.0,0.8855695725687188,0.0,1.0,0.0,-0.8855695725687188,0.0,-0.4645067622117645,0.6532208398557842,0.0,0.36240195757133176,0
-0.4678348734316266,0.0,0.8838158921411257,0.0,1.0,0.0,-0.8838158921411257,0.0,-0.4678348734316266,0.6579452567192754,0.0,0.36011379895664275,0
-0.47114716739001405,0.0,0.8820546165971618,0.0,1.0,0.0,-0.8820546165971618,0.0,-0.47114716739001405,0.6626479742371613,0.0,0.3578142994317667,0
-0.4744432914697228,0.0,0.880286068945417,0.0,1.0,0.0,-0.880286068945417,0.0,-0.4744432914697228,0.6673284853575006,0.0,0.35550389277555305,0
-0.47772289830080295,0.0,0.8785105761680281,0.0,1.0,0.0,-0.8785105761680281,0.0,-0.47772289830080295,0.6719862901581198,0.0,0.35318301855676526,0
-0.48098564582856734,0.0,0.8767284690865673,0.0,1.0,0.0,-0.8767284690865673,0.0,-0.48098564582856734,0.6766208959478083,0.0,0.3508521219502677,0
-0.4842311973787676,0.0,0.874940082225706,0.0,1.0,0.0,-0.874940082225706,0.0,-0.4842311973787676,0.6812318173636647,0.0,0.34851165354997415,0
-0.4874592217199184,0.0,0.8731457536747296,0.0,1.0,0.0,-0.8731457536747296,0.0,-0.4874592217199184,0.6858185764645719,0.0,0.3461620691786669,0
-0.49066939312275887,0.0,0.871345824946986,0.0,1.0,0.0,-0.871345824946986,0.0,-0.49066939312275887,0.6903807028207742,0.0,0.343803829694796,0
-0.4938613914168377,0.0,0.8695406408373475,0.0,1.0,0.0,-0.8695406408373475,0.0,-0.4938613914168377,0.6949177335995387,0.0,0.34143740079637397,0
-0.4970349020442178,0.0,0.8677305492777668,0.0,1.0,0.0,-0.8677305492777668,0.0,-0.4970349020442178,0.699429213646889,0.0,0.339063252822075,0
-0.5001896161102893,0.0,0.8659159011910114,0.0,1.0,0.0,-0.8659159011910114,0.0,-0.5001896161102893,0.7039146955653934,0.0,0.3366818605496571,0
-0.503325230431698,0.0,0.8640970503426558,0.0,1.0,0.0,-0.8640970503426558,0.0,-0.503325230431698,0.7083737397880122,0.0,0.3342937029918186,0
-0.5064414475813787,0.0,0.8622743531914177,0.0,1.0,0.0,-0.8622743531914177,0.0,-0.5064414475813787,0.7128059146479848,0.0,0.3318992631896068,0
-0.5095379759307053,0.0,0.86044816873792,0.0,1.0,0.0,-0.86044816873792,0.0,-0.5095379759307053,0.7172107964447729,0.0,0.3294990280034965,0
-0.5126145296887596,0.0,0.8586188583719622,0.0,1.0,0.0,-0.8586188583719622,0.0,-0.5126145296887596,0.7215879695060536,0.0,0.327093487902252,0
-0.5156708289387314,0.0,0.856786785718385,0.0,1.0,0.0,-0.856786785718385,0.0,-0.5156708289387314,0.7259370262457783,0.0,0.32468313674969157,0
-0.518706599671454,0.0,0.854952316481614,0.0,1.0,0.0,-0.854952316481614,0.0,-0.518706599671454,0.7302575672183023,0.0,0.322268471589475,0
-0.5217215738160995,0.0,0.8531158182889661,0.0,1.0,0.0,-0.8531158182889661,0.0,-0.5217215738160995,0.7345492011686076,0.0,0.31984999242803036,0
-0.5247154892680455,0.0,0.8512776605327992,0.0,1.0,0.0,-0.8512776605327992,0.0,-0.5247154892680455,0.7388115450786392,0.0,0.3174282020157336,0
-0.5276880899139328,0.0,0.8494382142115959,0.0,1.0,0.0,-0.8494382142115959,0.0,-0.5276880899139328,0.7430442242097725,0.0,0.31500360562646973,0
-0.5306391256539431,0.0,0.8475978517700589,0.0,1.0,0.0,-0.8475978517700589,0.0,-0.5306391256539431,0.7472468721414506,0.0,0.3125767108356824,0
-0.5335683524213132,0.0,0.8457569469383065,0.0,1.0,0.0,-0.8457569469383065,0.0,-0.5335683524213132,0.7514191308060115,0.0,0.3101480272970394,0
-0.5364755321991229,0.0,0.8439158745702487,0.0,1.0,0.0,-0.8439158745702487,0.0,-0.5364755321991229,0.7555606505197505,0.0,0.30771806651782485,0
-0.539360433034383,0.0,0.8420750104812296,0.0,1.0,0.0,-0.8420750104812296,0.0,-0.539360433034383,0.7596710900102529,0.0,0.30528734163318094,0
-0.5422228290494577,0.0,0.8402347312850157,0.0,1.0,0.0,-0.8402347312850157,0.0,-0.5422228290494577,0.7637501164400395,0.0,0.3028563671793127,0
-0.5450625004508604,0.0,0.8383954142302162,0.0,1.0,0.0,-0.8383954142302162,0.0,-0.5450625004508604,0.7677974054265767,0.0,0.3004256588657731,0
-0.5478792335354589,0.0,0.8365574370362134,0.0,1.0,0.0,-0.8365574370362134,0.0,-0.5478792335354589,0.7718126410586965,0.0,0.2979957333469456,0
-0.5506728206941346,0.0,0.8347211777286866,0.0,1.0,0.0,-0.8347211777286866,0.0,-0.5506728206941346,0.775795515909485,0.0,0.2955671079928372,0
-0.5534430604129361,0.0,0.8328870144748105,0.0,1.0,0.0,-0.8328870144748105,0.0,-0.5534430604129361,0.7797457310456922,0.0,0.2931403006593001,0
-0.5561897572717801,0.0,0.8310553254182048,0.0,1.0,0.0,-0.8310553254182048,0.0,-0.5561897572717801,0.7836629960337324,0.0,0.2907158294577892,0
-0.5589127219407406,0.0,0.8292264885137186,0.0,1.0,0.0,-0.8292264885137186,0.0,-0.5589127219407406,0.7875470289423308,0.0,0.28829421252477616,0
-0.5616117711739881,0.0,0.8274008813621219,0.0,1.0,0.0,-0.8274008813621219,0.0,-0.5616117711739881,0.7913975563418941,0.0,0.2858759677909219,0
-0.5642867278014224,0.0,0.8255788810447875,0.0,1.0,0.0,-0.8255788810447875,0.0,-0.5642867278014224,0.7952143133006693,0.0,0.28346161275012705,0
-0.5669374207180625,0.0,0.8237608639584371,0.0,1.0,0.0,-0.8237608639584371,0.0,-0.5669374207180625,0.7989970433777663,0.0,0.281051664228565,0
-0.5695636848712503,0.0,0.8219472056500242,0.0,1.0,0.0,-0.8219472056500242,0.0,-0.5695636848712503,0.8027454986131306,0.0,0.2786466381538034,0
-0.5721653612457278,0.0,0.8201382806518337,0.0,1.0,0.0,-0.8201382806518337,0.0,-0.5721653612457278,0.8064594395145347,0.0,0.27624704932412614,0
-0.5747422968466497,0.0,0.8183344623168681,0.0,1.0,0.0,-0.8183344623168681,0.0,-0.5747422968466497,0.8101386350416822,0.0,0.27385341117815776,0
-0.5772943446806031,0.0,0.8165361226545909,0.0,1.0,0.0,-0.8165361226545909,0.0,-0.5772943446806031,0.8137828625875103,0.0,0.2714662355648918,0
-0.5798213637346902,0.0,0.8147436321671032,0.0,1.0,0.0,-0.8147436321671032,0.0,-0.5798213637346902,0.8173919079567745,0.0,0.2690860325142316,0
-0.5823232189537503,0.0,0.8129573596858218,0.0,1.0,0.0,-0.8129573596858218,0.0,-0.5823232189537503,0.8209655653420128,0.0,0.2667133100081418,0
-0.5847997812157945,0.0,0.8111776722087208,0.0,1.0,0.0,-0.8111776722087208,0.0,-0.5847997812157945,0.8245036372969903,0.0,0.264348573752502,0
-0.5872509273057174,0.0,0.8094049347382156,0.0,1.0,0.0,-0.8094049347382156,0.0,-0.5872509273057174,0.8280059347077118,0.0,0.2619923269497741,0
-0.5896765398873663,0.0,0.807639510119746,0.0,1.0,0.0,-0.807639510119746,0.0,-0.5896765398873663,0.8314722767611102,0.0,0.2596450700725672,0
-0.5920765074740395,0.0,0.8058817588811299,0.0,1.0,0.0,-0.8058817588811299,0.0,-0.5920765074740395,0.8349024909115059,0.0,0.2573073006382028,0
-0.5944507243974974,0.0,0.804132039072745,0.0,1.0,0.0,-0.804132039072745,0.0,-0.5944507243974974,0.8382964128449562,0.0,0.25497951298436405,0
-0.5967990907755598,0.0,0.8023907061086046,0.0,1.0,0.0,-0.8023907061086046,0.0,-0.5967990907755598,0.8416538864415889,0.0,0.25266219804592527,0
-0.5991215124783729,0.0,0.8006581126083885,0.0,1.0,0.0,-0.8006581126083885,0.0,-0.5991215124783729,0.8449747637360332,0.0,0.2503558431330505,0
-0.6014179010934242,0.0,0.7989346082404868,0.0,1.0,0.0,-0.7989346082404868,0.0,-0.6014179010934242,0.8482589048760623,0.0,0.24806093171064525,0
-0.6036881738893953,0.0,0.7972205395661147,0.0,1.0,0.0,-0.7972205395661147,0.0,-0.6036881738893953,0.8515061780795579,0.0,0.24577794317924706,0
-0.6059322537789289,0.0,0.7955162498845563,0.0,1.0,0.0,-0.7955162498845563,0.0,-0.6059322537789289,0.8547164595899116,0.0,0.24350735265743856,0
-0.6081500692804023,0.0,0.7938220790795893,0.0,1.0,0.0,-0.7938220790795893,0.0,-0.6081500692804023,0.8578896336299839,0.0,0.2412496307658617,0
-0.6103415544787884,0.0,0.7921383634671509,0.0,1.0,0.0,-0.7921383634671509,0.0,-0.6103415544787884,0.8610255923547308,0.0,0.2390052434129178,0
-0.6125066489856968,0.0,0.790465435644287,0.0,1.0,0.0,-0.790465435644287,0.0,-0.6125066489856968,0.8641242358026267,0.0,0.23677465158222066,0
-0.614645297898678,0.0,0.7888036243394457,0.0,1.0,0.0,-0.7888036243394457,0.0,-0.614645297898678,0.8671854718459955,0.0,0.2345583111218884,0
-0.6167574517598825,0.0,0.7871532542641593,0.0,1.0,0.0,-0.7871532542641593,0.0,-0.6167574517598825,0.8702092161403793,0.0,0.23235667253574033,0
-0.6188430665141655,0.0,0.7855146459661615,0.0,1.0,0.0,-0.7855146459661615,0.0,-0.6188430665141655,0.8731953920730608,0.0,0.23017018077647144,0
-0.6209021034667247,0.0,0.7838881156839902,0.0,1.0,0.0,-0.7838881156839902,0.0,-0.6209021034667247,0.876143930710869,0.0,0.22799927504087414,0
-0.6229345292403656,0.0,0.7822739752031151,0.0,1.0,0.0,-0.7822739752031151,0.0,-0.6229345292403656,0.8790547707473899,0.0,0.22584438856717098,0
-0.6249403157324779,0.0,0.7806725317136443,0.0,1.0,0.0,-0.7806725317136443,0.0,-0.6249403157324779,0.8819278584497023,0.0,0.22370594843453356,0
-0.6269194400718285,0.0,0.7790840876696333,0.0,1.0,0.0,-0.7790840876696333,0.0,-0.6269194400718285,0.8847631476047796,0.0,0.22158437536483033,0
